test_lifetime-2022_03_04.txt: 2256.4736842105262)
test_lifetime-2022_03_08.txt: 1560.5352112676057)
test_lifetime-2022_03_11.txt: 1352.348148148148)
test_lifetime-2022_03_14.txt: 1226.0515873015872)
CPH-Lifetime-11-03-22.txt: 302.9030303030303)
